308
779
1313
1451
2815
508
2935
848
3299
3454
2770
215
2754
209
2673
2842
2933
306
2672
2841
1158
3301
450
764
1803
253
770
305
1977
431
3146
1554
2670
296
371
3525
1733
2089
2802
845
2831
437
1082
2791
2832
3531
168
718
846
1338
1705
2370
169
842
1654
2090
2410
3135
1704
2091
2407
2833
2843
320
814
844
1308
772
1084
1374
1732
1976
1022
1293
1661
2867
2929
199
432
843
1487
1804
1831
2681
2820
2853
2872
2934
2936
2995
178
744
746
1799
2713
2723
2862
2897
395
398
1083
1172
1202
1491
2699
2798
2932
2977
2996
3206
241
716
749
1204
1278
1683
1827
1841
1881
2098
2408
2846
2850
2931
3243
237
301
310
527
813
948
949
1542
1547
1717
2100
2245
2411
2792
2800
2830
2838
2844
3015
3016
210
246
392
403
503
663
735
755
838
998
1086
1092
1152
1157
1167
1168
1267
1327
1365
1721
1801
1808
2094
2136
2138
2139
2369
2692
2804
2814
2818
2824
2828
2989
3056
3081
3136
3248
3340
3530
192
222
243
298
302
425
505
687
737
751
768
777
839
840
873
875
884
891
901
908
993
1061
1109
1151
1155
1169
1170
1171
1173
1200
1203
1207
1253
1299
1321
1386
1490
1544
1644
1802
1884
1890
1902
2038
2150
2163
2224
2414
2416
2454
2561
2675
2718
2786
2787
2797
2801
2816
2826
2858
2865
2916
2973
2978
2994
3059
3086
3239
3247
3521
3526
3528
